710,0
666,0
298,0
356,0
571,0
1000,0
27,0
231,1
306,0
764,0
522,0
892,0
989,0
239,0
864,0
55,1
636,0
175,0
14,0
77,0
31,0
483,0
310,0
311,0
939,0
915,0
45,0
103,1
738,0
1,0
773,0
713,0
671,0
451,0
457,0
858,0
800,0
367,1
923,0
267,0
230,0
1001,0
530,0
765,0
251,0
945,0
822,0
141,1
316,0
482,0
331,0
295,1
262,0
434,1
865,0
372,0
272,0
270,0
503,0
319,0
557,0
987,0
142,1
202,0
962,0
196,1
264,0
533,1
252,1
743,0
395,0
299,0
582,0
247,0
389,0
799,0
817,0
466,0
604,0
685,0
261,0
458,0
877,0
914,0
991,0
786,0
236,1
605,0
362,0
931,0
516,0
496,0
992,0
279,1
641,0
487,0
612,0
108,0
494,1
825,0
788,0
613,0
65,1
974,0
317,0
670,0
669,0
729,0
758,0
214,0
97,0
664,0
602,0
500,0
255,1
386,0
742,0
384,0
963,0
918,0
783,0
911,0
122,0
717,0
60,0
969,0
625,0
283,1
944,0
913,0
676,0
959,0
402,0
768,0
456,0
382,0
312,0
8,0
531,1
819,0
101,0
492,1
890,0
249,1
278,0
647,0
385,0
646,0
54,1
34,0
271,0
30,1
380,0
760,0
741,0
766,0
505,0
363,1
863,0
485,0
583,0
879,0
691,0
867,0
435,0
678,0
320,0
513,0
352,0
420,1
950,0
798,0
145,1
829,0
366,0
808,0
240,0
651,0
968,0
144,1
826,0
477,0
789,0
315,0
994,0
545,0
720,0
484,0
787,0
204,0
837,0
934,0
953,0
5,1
947,0
682,0
725,0
215,0
656,0
150,0
342,0
465,0
399,0
871,0
820,1
866,0
412,1
518,0
520,0
886,0
113,1
615,0
37,0
748,0
899,0
351,0
158,0
154,1
40,0
409,0
538,0
640,0
736,0
266,0
408,0
294,0
818,0
524,0
18,0
471,0
529,0
308,0
984,0
447,0
62,1
79,0
683,0
193,0
776,0
181,0
708,0
655,0
200,0
912,0
996,0
951,0
406,0
2,1
926,0
443,0
253,0
578,0
